1.40560e+00
7.07475e-01
4.55550e-01
3.39392e-01
2.75808e-01
2.36237e-01
1.93981e-01
1.77019e-01
1.56680e-01
1.42088e-01
1.42088e-01
7.15811e-02
3.73754e-02
3.23172e-02
2.54135e-02
2.18464e-02
1.92173e-02
1.65322e-02
1.49542e-02
1.39670e-02
1.23453e-02
1.12576e-02
1.03719e-02
9.69766e-03
9.12494e-03
8.49802e-03
8.14797e-03
7.69800e-03
7.29599e-03
6.93133e-03
6.60326e-03
6.30320e-03
6.03134e-03
5.78164e-03
5.55141e-03
5.33234e-03
5.13751e-03
4.95958e-03
4.79151e-03
4.63818e-03
4.48871e-03
4.35045e-03
4.21907e-03
4.09538e-03
3.99644e-03
3.89139e-03
3.78676e-03
3.68738e-03
3.59311e-03
3.50354e-03
3.41832e-03
3.33711e-03
3.25956e-03
3.18586e-03
3.11521e-03
3.04767e-03
2.98298e-03
2.92098e-03
2.86148e-03
2.80437e-03
2.74939e-03
2.69677e-03
2.64600e-03
2.59710e-03
2.54998e-03
2.50451e-03
2.46066e-03
2.41822e-03
2.37742e-03
2.33788e-03
2.29963e-03
2.26261e-03
2.22686e-03
2.19201e-03
2.15825e-03
2.12571e-03
2.09404e-03
2.06330e-03
2.03345e-03
2.00452e-03
1.97625e-03
1.94875e-03
1.92219e-03
1.89626e-03
1.87102e-03
1.84644e-03
1.82256e-03
1.79915e-03
1.77633e-03
1.75425e-03
1.73262e-03
1.71153e-03
1.69093e-03
1.67089e-03
1.65118e-03
1.63194e-03
1.61330e-03
1.59498e-03
1.57709e-03
1.55959e-03
1.54253e-03
1.52571e-03
1.50926e-03
1.49331e-03
1.47760e-03
1.46223e-03
1.44717e-03
1.43248e-03
1.41796e-03
1.40374e-03
1.38994e-03
1.37631e-03
1.36297e-03
1.34988e-03
1.33709e-03
1.32443e-03
1.31201e-03
1.29994e-03
1.28802e-03
1.27633e-03
1.26485e-03
