18788800.000
18693600.000
17050720.000
16898400.000
17041600.000
16880800.000
17255680.000
17002400.000
17209920.000
17177600.000
17204480.000
17139520.000
17126080.000
17025280.000
17241600.000
17142720.000
17134080.000
17137600.000
17139520.000
17140800.000
17140480.000
17138240.000
17137280.000
17245120.000
17245120.000
17243840.000
17243840.000
17244160.000
17243840.000
17241920.000
17241280.000
17240640.000
17240640.000
17240640.000
17254080.000
17263360.000
17264000.000
17264000.000
17264000.000
17264000.000
17264000.000
17264320.000
17263360.000
17264000.000
17264000.000
17264000.000
17264000.000
17264000.000
17264320.000
17264320.000
17263360.000
17264000.000
17264000.000
17264000.000
17264000.000
17264320.000
17264320.000
17263360.000
17264000.000
17264000.000
17264000.000
17264000.000
17264960.000
17264320.000
17263360.000
17264000.000
17264000.000
17264000.000
17264000.000
17264960.000
17264320.000
17263360.000
17264000.000
17264000.000
17264000.000
17264000.000
17264960.000
17264320.000
17263360.000
17264000.000
17264000.000
17264000.000
17264000.000
17264960.000
17264320.000
17263360.000
17264000.000
17264000.000
17264000.000
17264000.000
17264960.000
17264320.000
17263360.000
17264000.000
17264000.000
17264000.000
17264000.000
17264960.000
17264320.000
17263360.000
17264000.000
17264000.000
17264000.000
17264000.000
17264960.000
17264320.000
17263360.000
17264000.000
17264000.000
17264000.000
17264000.000
