1.90060e+00
9.51250e-01
6.32507e-01
4.64595e-01
3.74937e-01
3.06359e-01
2.62710e-01
2.37707e-01
2.07649e-01
1.85950e-01
1.85950e-01
9.53320e-02
6.31141e-02
4.98141e-02
3.97208e-02
3.32186e-02
2.72335e-02
2.43326e-02
2.16161e-02
1.95931e-02
1.78235e-02
1.63296e-02
1.50933e-02
1.40308e-02
1.31034e-02
1.22924e-02
1.15503e-02
1.09121e-02
1.03568e-02
9.84511e-03
9.37950e-03
8.95533e-03
8.56763e-03
8.21242e-03
7.88540e-03
7.58378e-03
7.30561e-03
7.04561e-03
6.80380e-03
6.57754e-03
6.36612e-03
6.16787e-03
5.98161e-03
5.80625e-03
5.64089e-03
5.48469e-03
5.33690e-03
5.19687e-03
5.06403e-03
4.93792e-03
4.81782e-03
4.70341e-03
4.59432e-03
4.49018e-03
4.39064e-03
4.29543e-03
4.20425e-03
4.11688e-03
4.03305e-03
3.95257e-03
3.87524e-03
3.80088e-03
3.72932e-03
3.66040e-03
3.59399e-03
3.52994e-03
3.46814e-03
3.40846e-03
3.35080e-03
3.29506e-03
3.24114e-03
3.18897e-03
3.13844e-03
3.08949e-03
3.04205e-03
2.99603e-03
2.95139e-03
2.90806e-03
2.86599e-03
2.82511e-03
2.78539e-03
2.74676e-03
2.70920e-03
2.67265e-03
2.63706e-03
2.60242e-03
2.56867e-03
2.53579e-03
2.50374e-03
2.47249e-03
2.44201e-03
2.41227e-03
2.38325e-03
2.35492e-03
2.32725e-03
2.30023e-03
2.27383e-03
2.24802e-03
2.22279e-03
2.19813e-03
2.17401e-03
2.15041e-03
2.12732e-03
2.10471e-03
2.08258e-03
2.06092e-03
2.03970e-03
2.01891e-03
1.99855e-03
1.97859e-03
1.95902e-03
1.93983e-03
1.92102e-03
1.90257e-03
1.88447e-03
1.86671e-03
1.84929e-03
1.83218e-03
1.81539e-03
1.79891e-03
1.78273e-03
