38255520.000
37252640.000
36813280.000
36346080.000
36336320.000
36293920.000
36071840.000
35591360.000
35693120.000
35693600.000
35668000.000
35646080.000
35672800.000
35686400.000
35666720.000
35673920.000
35682240.000
35692480.000
35724800.000
35736000.000
35734720.000
35733120.000
35727040.000
35728320.000
35725120.000
35728320.000
35727360.000
35727680.000
35729280.000
35728320.000
35728320.000
35728320.000
35728320.000
35728320.000
35728320.000
35728320.000
35728320.000
35728320.000
35729600.000
35729600.000
35729600.000
35729600.000
35729600.000
35729600.000
35729600.000
35729600.000
35729600.000
35729600.000
35729600.000
35729600.000
35729600.000
35729600.000
35729600.000
35729600.000
35729600.000
35729600.000
35729600.000
35729600.000
35729600.000
35729600.000
35729600.000
35729600.000
35729600.000
35729600.000
35729600.000
35729600.000
35729600.000
35729600.000
35729600.000
35729600.000
35729600.000
35729600.000
35729600.000
35729600.000
35729600.000
35729600.000
35729600.000
35729600.000
35729600.000
35729600.000
35729600.000
35729600.000
35729600.000
35729600.000
35729600.000
35729600.000
35729600.000
35729600.000
35729600.000
35729600.000
35729600.000
35729600.000
35729600.000
35729600.000
35729600.000
35729600.000
35729600.000
35729600.000
35729600.000
35729600.000
35729600.000
35729600.000
35729600.000
35729600.000
35729600.000
35729600.000
35729600.000
35729600.000
35729600.000
35729600.000
35729600.000
