2.14435e-01
1.06991e-01
7.10270e-02
5.32395e-02
4.18333e-02
3.49894e-02
3.13031e-02
2.74988e-02
2.21748e-02
2.15244e-02
2.15244e-02
9.60845e-03
6.52981e-03
4.93998e-03
3.97564e-03
3.32570e-03
2.85179e-03
2.50193e-03
2.24061e-03
2.03993e-03
1.85633e-03
1.70306e-03
1.56135e-03
1.45067e-03
1.35460e-03
1.27052e-03
1.19627e-03
1.13052e-03
1.07148e-03
1.01820e-03
9.69968e-04
9.26101e-04
8.86030e-04
8.49282e-04
8.15462e-04
7.84232e-04
7.55306e-04
7.28437e-04
7.03415e-04
6.80055e-04
6.58196e-04
6.37699e-04
6.18440e-04
6.00310e-04
5.83213e-04
5.67063e-04
5.51783e-04
5.37305e-04
5.23567e-04
5.10514e-04
4.98097e-04
4.86269e-04
4.74990e-04
4.64222e-04
4.53931e-04
4.44088e-04
4.34661e-04
4.25627e-04
4.16961e-04
4.08640e-04
4.00645e-04
3.92957e-04
3.85559e-04
3.78433e-04
3.71567e-04
3.64945e-04
3.58556e-04
3.52385e-04
3.46424e-04
3.40661e-04
3.35087e-04
3.29692e-04
3.24468e-04
3.19407e-04
3.14502e-04
3.09745e-04
3.05130e-04
3.00650e-04
2.96300e-04
2.92074e-04
2.87967e-04
2.83973e-04
2.80089e-04
2.76311e-04
2.72632e-04
2.69050e-04
2.65561e-04
2.62161e-04
2.58847e-04
2.55617e-04
2.52465e-04
2.49391e-04
2.46390e-04
2.43461e-04
2.40600e-04
2.37807e-04
2.35077e-04
2.32409e-04
2.29801e-04
2.27251e-04
2.24757e-04
2.22317e-04
2.19929e-04
2.17593e-04
2.15305e-04
2.13065e-04
2.10871e-04
2.08722e-04
2.06616e-04
2.04552e-04
2.02529e-04
2.00546e-04
1.98601e-04
1.96694e-04
1.94822e-04
1.92987e-04
1.91185e-04
1.89416e-04
1.87681e-04
1.85976e-04
1.84303e-04
