1750560.000
1519040.000
1508960.000
1525440.000
1526560.000
1524320.000
1521760.000
1523040.000
1523680.000
1519520.000
1519520.000
1519520.000
1525600.000
1525600.000
1525280.000
1525280.000
1525280.000
1525600.000
1525600.000
1525600.000
1525600.000
1525600.000
1525600.000
1525600.000
1525600.000
1525600.000
1525600.000
1525600.000
1525600.000
1525600.000
1525600.000
1525600.000
1525600.000
1525600.000
1525600.000
1525600.000
1525600.000
1525600.000
1525600.000
1525600.000
1525600.000
1525600.000
1525600.000
1525600.000
1525600.000
1525600.000
1525600.000
1525600.000
1525600.000
1525600.000
1525600.000
1525600.000
1525600.000
1525600.000
1525600.000
1525600.000
1525600.000
1525600.000
1525600.000
1525600.000
1525600.000
1525600.000
1525600.000
1525600.000
1525600.000
1525600.000
1525600.000
1525600.000
1525600.000
1525600.000
1525600.000
1525600.000
1525600.000
1525600.000
1525600.000
1525600.000
1525600.000
1525600.000
1525600.000
1525600.000
1525600.000
1525600.000
1525600.000
1525600.000
1525600.000
1525600.000
1525600.000
1525600.000
1525600.000
1525600.000
1525600.000
1525600.000
1525600.000
1525600.000
1525600.000
1525600.000
1525600.000
1525600.000
1525600.000
1525600.000
1525600.000
1525600.000
1525600.000
1525600.000
1525600.000
1525600.000
1525600.000
1525600.000
1525600.000
1525600.000
1525600.000
