-11327
-1626
0
26
23
6
6343
737
220
772
8477
15822
23739
33596
42177
51297
58057
64399
68899
73399
77899
82399
86899
90591
95091
99591
104091
108591
113091
117591
122091
126591
131091
135591
140091
144591
149091
153591
158091
162591
167091
171591
176091
180591
185091
189591
194091
198591
203091
207591
212091
216591
221091
225591
230091
234591
239091
243591
248091
252591
257091
261591
266091
270591
275091
279591
284091
288591
293091
297591
302091
306591
311091
315591
320091
324591
329091
333591
338091
342591
347091
351591
356091
360591
365091
369591
374091
378591
383091
387591
392091
396591
401091
405591
410091
414591
419091
423591
428091
432591
437091
441591
446091
450591
455091
459591
464091
468591
473091
477591
482091
