-17214
-8431
0
4
1
4
10
1058
27
4204
6778
8156
14700
14930
15626
19199
27938
37078
44888
50238
57745
66752
74803
84718
93854
102879
111610
120404
129560
135000
139500
144000
148500
153000
157500
162000
166500
171000
175500
180000
184500
189000
193500
198000
202500
207000
211500
216000
220500
225000
229500
234000
238500
243000
247500
252000
256500
261000
265500
270000
274500
279000
283500
288000
292500
297000
301500
306000
310500
315000
319500
324000
328500
333000
337500
342000
346500
351000
355500
360000
364500
369000
373500
378000
382500
387000
391500
396000
400500
405000
409500
414000
418500
423000
427500
432000
436500
441000
445500
450000
454500
459000
463500
468000
472500
477000
481500
486000
490500
495000
499500
