-1900
52
3603
10747
20908
29667
38384
49024
56408
65882
74882
83882
91996
100999
109999
118999
127999
136999
145999
154999
163999
172999
181999
190999
199999
208999
217999
226999
235999
244999
253999
262999
271999
280999
289999
298999
307999
316999
325999
334999
343999
352999
361999
370999
379999
388999
397999
406999
415999
424999
433999
442999
451999
460999
469999
478999
487999
496999
505999
514999
523999
532999
541999
550999
559999
568999
577999
586999
595999
604999
613999
622999
631999
640999
649999
658999
667999
676999
685999
694999
703999
712999
721999
730999
739999
748999
757999
766999
775999
784999
793999
802999
811999
820999
829999
838999
847999
856999
865999
874999
883999
892999
901999
910999
919999
928999
937999
946999
955999
964999
973999
